Model: Extra Trees
Run: 20260520_050529

              precision    recall  f1-score   support

           1       0.33      0.04      0.07        27
          10       0.19      0.24      0.21        25
           2       0.07      0.14      0.09        22
           3       0.17      0.13      0.15        23
           4       0.05      0.04      0.04        28
           5       0.10      0.12      0.11        26
           6       0.12      0.09      0.10        23
           7       0.07      0.14      0.10        21
           8       0.16      0.14      0.15        21
           9       0.19      0.12      0.15        24

    accuracy                           0.12       240
   macro avg       0.15      0.12      0.12       240
weighted avg       0.15      0.12      0.11       240
